0.0434283
0.354022
0.126957
-0.125628
0.262966
0.0265678
0.231162
0.121248
0.146589
0.149352
-0.103318
-0.063658
-1.0
-0.106211
0.118608
0.00126198
0.034539
-0.167999
0.109054
-0.260053
0.0167512
0.139487
0.0406303
-0.228021
0.132264
0.108096
0.0776903
-0.226392
-0.323018
0.238155
0.0393234
-0.0644001
-0.0116768
-0.344929
0.369267
0.00544385
0.0314
-1.0
0.278719
0.0592975
-0.12274
-0.205449
-0.137451
0.000611676
0.0331167
0.443981
0.0171276
0.124305
0.238185
0.371335
-0.0838089
-0.0968747
-0.0602193
0.192514
0.253855
0.207167
0.221452
-0.00811607
-0.0536848
0.342241
0.0330438
-0.367143
-1.0
-0.0932754
0.110531
0.0880529
-0.117569
0.176257
-0.0261504
-0.0109443
0.0254621
0.0124929
0.111622
0.0171507
0.125945
0.00895224
0.00855166
0.205337
0.0956677
-0.0210367
0.106049
0.0921001
-0.245273
-0.104618
0.012998
-0.0727094
-0.0527131
-1.0
-0.00219669
-0.091677
0.250871
0.0304328
0.159872
6.07541e-05
-0.0319123
0.176325
-0.0764547
0.262532
0.292495
-0.00365269
-4.73629
3.48082
0.853498
-1.88786
-2.76114
1.30584
0.775519
-2.33292
-4.33721
1.75785
-0.475698
0.29031
-1.0
-1.88831
-2.09408
3.30819
0.674101
-0.361707
2.57137
-0.885377
-0.468614
0.0944974
3.88766
0.288446
3.94111
0.236211
-0.039724
0.0945105
0.213743
0.196343
0.159508
-0.235267
0.0472536
0.0246057
0.309176
-0.100651
0.0793535
-1.0
0.0409495
-0.381973
0.186207
-0.0181784
-0.0764287
-0.199398
0.349255
-0.137052
-0.0940753
-0.0923831
0.144112
0.293903
0.414164
0.197066
-0.0589951
-0.358062
0.052133
0.367824
0.526632
-0.213432
-0.209885
0.114255
-0.198344
0.17077
-1.0
-0.436292
0.465722
0.204137
-0.0253089
-0.1028
0.470215
-0.442089
-0.216506
-0.389836
0.112375
0.280854
0.275401
2.16716
-0.949836
2.46993
-0.374534
-2.09055
-0.459084
0.285206
-0.356226
2.91329
1.41359
-1.17204
-2.27513
-1.0
-0.294867
-2.06171
-0.993504
1.06176
0.160433
0.696871
-0.0467678
-1.96717
0.203859
-0.646178
0.946214
2.36929
-0.14998
-0.102567
0.131064
-0.177779
-0.123259
0.349895
0.270882
0.481405
-0.495907
-0.118882
0.329303
0.00154238
-1.0
0.381997
-0.405919
-0.47316
0.0932081
0.16872
-0.123566
-0.0791972
-0.127375
0.394676
-0.303526
0.532453
0.545972
-0.14852
0.416476
-0.0918475
0.550159
0.184307
0.0172558
-0.125031
0.0043624
0.447256
0.399811
-0.0725235
-0.365369
-1.0
0.0314177
0.0331793
-0.418035
-0.00367626
-0.0736558
0.107423
-0.0189245
-0.268944
0.150274
0.233259
0.0139255
-0.00257991
-0.0583882
-0.138263
0.552158
-0.187472
-0.0852628
-0.108083
0.431969
-0.309085
-0.505229
0.583888
-1.50049
0.167897
-1.0
1.41543
-0.828105
-0.159802
0.399913
0.6856
-0.16063
-0.477365
0.0346996
-0.312783
0.898426
0.625964
0.0350134
0.00618268
-0.0118493
-0.0645481
-0.134268
0.0444825
-0.0872612
0.194481
0.0540153
0.107584
-0.267453
-0.152456
0.202275
-1.0
-0.257534
0.186897
-0.0451517
0.212789
0.0541222
0.219971
0.319782
0.185306
0.1298
0.106961
0.00364878
-0.00777674
